a b c d
1	-1.48	-0.17	1.01
2	-1.19	-0.09	0.97
3	-1.01	0.03	1.04
4	-0.90	0.08	1.00
5	-0.85	0.13	1.10
6	-1.05	0.14	1.38
7	-1.19	0.06	1.24
8	-1.31	-0.06	1.16
9	-1.71	-0.34	0.85
10	-2.18	-0.74	0.63
11	-2.93	-1.33	0.18
12	-3.59	-2.00	-0.56
13	-4.49	-2.71	-1.24
14	-5.27	-3.44	-1.92
15	-6.01	-4.12	-2.53
16	-6.65	-4.70	-2.93
17	-7.37	-5.27	-3.51
18	-7.94	-5.67	-3.84
19	-8.19	-5.93	-4.09
20	-8.41	-6.14	-4.31
21	-8.57	-6.26	-4.40
22	-8.43	-6.28	-4.43
23	-8.51	-6.25	-4.40
24	-8.36	-6.23	-4.38
25	-8.23	-6.12	-4.26
26	-8.05	-5.97	-4.06
27	-8.11	-5.94	-4.08
28	-7.96	-5.89	-4.12
29	-7.99	-5.92	-4.15
30	-7.92	-5.83	-3.99
31	-7.79	-5.74	-3.98
32	-7.67	-5.63	-4.01
33	-7.53	-5.58	-3.92
34	-7.50	-5.56	-3.92
35	-7.61	-5.58	-3.92
36	-7.57	-5.59	-3.96
37	-7.64	-5.62	-3.95
38	-7.72	-5.72	-4.01
39	-7.85	-5.75	-4.11
40	-7.74	-5.81	-4.15
41	-7.75	-5.80	-4.12
42	-7.77	-5.73	-4.05
43	-7.60	-5.63	-3.95
44	-7.40	-5.43	-3.83
45	-7.23	-5.35	-3.71
46	-7.08	-5.28	-3.73
47	-7.16	-5.30	-3.79
48	-7.17	-5.30	-3.73
49	-7.14	-5.21	-3.68
50	-6.84	-5.11	-3.58
51	-6.78	-4.95	-3.50
52	-6.74	-4.83	-3.32
53	-6.70	-4.80	-3.27
54	-6.63	-4.80	-3.21
55	-6.82	-4.88	-3.28
56	-6.93	-4.92	-3.33
57	-6.89	-5.08	-3.45
58	-7.26	-5.21	-3.59
59	-7.43	-5.46	-3.69
60	-7.68	-5.65	-3.91
61	-7.94	-5.80	-4.02
62	-8.06	-5.89	-4.14
63	-8.17	-6.01	-4.21
64	-8.35	-6.06	-4.29
65	-8.37	-6.12	-4.32
66	-8.18	-5.99	-4.22
67	-8.07	-5.82	-4.09
68	-7.67	-5.59	-3.87
69	-7.52	-5.34	-3.62
70	-7.14	-5.03	-3.42
71	-6.56	-4.61	-3.11
72	-6.12	-4.31	-2.80
73	-5.90	-4.01	-2.56
74	-5.46	-3.70	-2.24
75	-4.98	-3.30	-1.88
76	-4.62	-2.97	-1.59
77	-4.40	-2.79	-1.42
78	-4.21	-2.61	-1.29
79	-4.05	-2.47	-1.01
80	-4.06	-2.36	-1.00
81	-3.95	-2.31	-0.95
82	-4.00	-2.34	-0.99
83	-4.12	-2.34	-0.91
84	-4.05	-2.39	-1.04
85	-4.31	-2.56	-1.17
86	-4.39	-2.72	-1.33
87	-4.57	-2.85	-1.44
88	-4.65	-2.89	-1.37
89	-4.55	-2.82	-1.42
90	-4.52	-2.82	-1.49
91	-4.43	-2.77	-1.37
92	-4.38	-2.68	-1.27
93	-4.21	-2.60	-1.17
94	-4.09	-2.42	-0.96
95	-3.91	-2.24	-0.84
96	-3.80	-2.07	-0.68
97	-3.61	-1.89	-0.45
98	-3.48	-1.72	-0.24
99	-3.36	-1.61	-0.09
100	-3.34	-1.55	-0.10
101	-3.30	-1.50	-0.04
102	-3.27	-1.56	-0.19
103	-3.36	-1.60	-0.27
104	-3.35	-1.75	-0.36
105	-3.56	-1.82	-0.47
106	-3.59	-1.94	-0.56
107	-3.66	-2.06	-0.68
108	-3.76	-2.15	-0.70
109	-3.85	-2.22	-0.77
110	-3.93	-2.23	-0.75
111	-3.60	-1.93	-0.47
112	-3.09	-1.52	-0.14
113	-2.74	-1.12	0.33
114	-2.36	-0.77	0.56
115	-1.99	-0.48	0.87
116	-1.59	-0.12	1.20
117	-1.26	0.28	1.71
118	-0.79	0.67	2.24
119	-0.31	1.10	2.54
120	0.18	1.54	2.96
121	0.36	1.85	3.32
122	0.50	1.98	3.56
123	0.43	1.99	3.60
124	0.06	1.78	3.50
125	-0.49	1.49	3.32
126	-1.03	1.18	2.98
127	-1.48	0.75	2.68
128	-2.11	0.27	2.18
129	-2.64	-0.30	1.64
130	-3.18	-0.94	1.01
131	-4.15	-1.74	0.13
132	-4.76	-2.33	-0.42
133	-5.13	-2.91	-1.09
134	-5.74	-3.53	-1.61
135	-6.31	-4.10	-2.46
136	-6.67	-4.55	-2.79
137	-7.10	-4.83	-2.97
138	-7.28	-5.00	-3.19
139	-7.40	-5.13	-3.29
140	-7.37	-5.19	-3.45
141	-7.50	-5.25	-3.45
142	-7.53	-5.24	-3.43
143	-7.67	-5.34	-3.53
144	-7.90	-5.48	-3.49
145	-8.19	-5.58	-3.58
146	-8.41	-5.71	-3.57
147	-8.53	-5.79	-3.62
148	-8.56	-5.82	-3.71
149	-8.36	-5.54	-3.22
150	-8.26	-5.45	-3.09
151	-8.26	-5.28	-2.98
152	-8.19	-5.24	-3.07
153	-8.04	-5.34	-3.10
154	-7.87	-5.21	-3.13
155	-7.75	-5.13	-2.99
156	-7.62	-5.12	-3.18
157	-7.57	-5.27	-3.32
158	-7.52	-5.20	-3.28
159	-7.45	-5.12	-3.19
160	-7.27	-5.09	-3.23
161	-7.41	-5.07	-3.30
162	-7.21	-5.00	-3.09
163	-7.14	-4.92	-3.11
164	-7.43	-4.96	-3.02
165	-7.28	-4.98	-3.02
166	-7.42	-4.96	-3.08
167	-7.32	-4.97	-2.96
168	-7.25	-4.88	-2.99
169	-7.01	-4.82	-2.89
170	-7.12	-4.67	-2.85
171	-6.93	-4.71	-2.81
172	-7.06	-4.70	-2.84
173	-7.14	-4.72	-2.80
174	-7.12	-4.79	-2.84
175	-7.27	-4.70	-2.51
176	-7.19	-4.56	-2.37
177	-7.16	-4.46	-2.30
178	-7.18	-4.43	-2.27
179	-7.32	-4.46	-2.29
180	-7.17	-4.49	-2.23
181	-7.07	-4.53	-2.34
182	-7.19	-4.64	-2.50
183	-7.08	-4.70	-2.64
184	-7.00	-4.64	-2.56
185	-7.04	-4.54	-2.61
186	-6.66	-4.33	-2.49
187	-6.23	-4.04	-2.07
188	-5.82	-3.73	-1.82
189	-5.68	-3.50	-1.64
190	-5.70	-3.41	-1.44
191	-5.61	-3.25	-1.26
192	-5.31	-3.17	-1.14
193	-5.19	-2.89	-1.02
194	-5.15	-3.08	-1.35
195	-4.92	-2.82	-0.99
196	-4.40	-2.36	-0.46
197	-4.21	-2.06	-0.18
198	-3.72	-1.93	-0.09
199	-3.91	-1.89	0.00
200	-3.78	-1.70	0.09
201	-3.72	-1.82	0.05
202	-3.59	-1.67	0.28
203	-3.41	-1.49	0.30
204	-3.49	-1.41	0.54
205	-3.39	-1.41	0.50
206	-3.39	-1.47	0.43
207	-3.49	-1.42	0.40
208	-3.20	-1.35	0.52
209	-3.33	-1.27	0.66
210	-3.20	-1.21	0.64
211	-3.06	-1.11	0.80
212	-2.96	-0.96	0.75
213	-2.76	-0.95	0.88
214	-2.81	-0.82	0.91
215	-2.55	-0.60	1.30
216	-2.46	-0.52	1.25
217	-2.32	-0.54	1.49
218	-2.60	-0.62	1.25
219	-2.94	-0.84	1.05
220	-3.07	-1.06	0.87
221	-3.56	-1.47	0.48
222	-3.89	-1.81	0.00
223	-4.60	-2.39	-0.44
224	-5.08	-2.77	-0.88
225	-5.45	-3.11	-1.23
226	-5.49	-3.28	-1.28
227	-5.48	-3.31	-1.26
228	-5.43	-3.30	-1.29
229	-5.43	-3.09	-1.18
230	-5.19	-2.97	-1.02
231	-4.73	-2.46	-0.65
232	-4.31	-2.13	-0.16
233	-3.98	-1.78	-0.07
234	-3.79	-1.59	0.55
235	-3.50	-1.32	0.72
236	-3.22	-1.07	0.98
237	-3.24	-1.08	1.05
238	-3.41	-1.19	1.06
239	-3.66	-1.40	0.83
240	-4.02	-1.71	0.38
241	-4.43	-1.95	0.19
242	-4.48	-2.22	-0.11
243	-5.11	-2.53	-0.44
244	-5.39	-2.92	-0.56
245	-5.94	-3.37	-1.16
246	-6.29	-3.85	-1.75
247	-7.09	-4.35	-2.13
248	-7.15	-4.65	-2.37
249	-7.61	-4.84	-2.73
250	-7.67	-5.05	-2.90
251	-7.58	-5.12	-2.97
252	-7.71	-5.02	-2.85
253	-7.32	-4.99	-2.92
254	-7.38	-5.11	-2.99
255	-7.62	-5.02	-3.11
256	-7.51	-5.01	-3.12
257	-7.37	-5.00	-2.96
258	-7.46	-5.01	-3.06
259	-7.34	-4.81	-2.88
260	-7.17	-4.81	-2.68
261	-7.05	-4.71	-2.81
262	-6.99	-4.57	-2.72
263	-7.27	-4.81	-2.91
264	-7.66	-5.08	-3.10
265	-7.53	-5.14	-3.11
266	-7.78	-5.31	-3.20
267	-7.56	-5.17	-3.12
268	-7.52	-5.10	-3.16
269	-7.46	-5.10	-3.32
270	-7.49	-5.07	-3.14
271	-7.77	-5.31	-3.36
272	-7.76	-5.30	-3.20
273	-7.70	-5.20	-3.27
274	-7.56	-5.19	-3.18
275	-7.45	-5.04	-3.11
276	-7.21	-4.79	-2.71
277	-6.93	-4.58	-2.69
278	-7.01	-4.55	-2.57
279	-6.79	-4.52	-2.49
280	-6.53	-4.41	-2.39
281	-6.46	-4.21	-2.13
282	-6.26	-3.99	-1.92
283	-5.97	-3.63	-1.67
284	-5.67	-3.16	-1.10
285	-5.12	-2.83	-0.56
286	-4.85	-2.59	-0.71
287	-5.00	-2.52	-0.63
288	-4.93	-2.61	-0.72
289	-5.31	-3.00	-1.00
290	-5.60	-3.37	-1.13
291	-5.95	-3.60	-1.51
292	-6.31	-3.80	-1.80
293	-6.41	-4.12	-2.07
294	-6.77	-4.45	-2.43
295	-6.75	-4.49	-2.51
296	-6.65	-4.39	-2.30
297	-6.63	-4.27	-2.34
298	-6.29	-4.12	-2.28
299	-6.27	-3.96	-2.02
300	-6.08	-3.84	-1.96
301	-6.05	-3.80	-1.94
302	-6.11	-3.66	-1.83
303	-5.78	-3.56	-1.56
304	-5.64	-3.29	-1.46
305	-5.51	-3.22	-1.25
306	-5.25	-2.91	-0.89
307	-5.07	-2.74	-0.79
308	-4.93	-2.62	-0.55
309	-4.87	-2.51	-0.49
310	-4.74	-2.37	-0.39
311	-4.63	-2.20	-0.21
312	-4.62	-2.24	-0.05
313	-4.69	-2.17	-0.05
314	-4.32	-2.08	-0.02
315	-4.07	-1.95	0.15
316	-4.10	-1.83	0.15
317	-4.20	-1.79	0.17
318	-4.07	-1.72	0.39
319	-3.79	-1.61	0.53
320	-3.77	-1.44	0.71
321	-3.71	-1.22	1.02
322	-3.58	-0.99	1.24
323	-3.04	-0.66	1.55
324	-2.75	-0.50	1.64
325	-2.48	-0.28	1.83
326	-2.32	-0.02	2.20
327	-2.13	0.17	2.19
328	-1.92	0.19	2.40
329	-2.10	0.14	2.45
330	-1.88	0.24	2.48
331	-1.79	0.25	2.33
332	-1.78	0.39	2.52
333	-1.85	0.31	2.60
334	-2.12	0.11	2.31
335	-2.50	-0.31	1.86
336	-2.89	-0.79	1.34
337	-3.59	-1.32	0.90
338	-4.36	-1.80	0.54
339	-4.81	-2.06	0.71
340	-4.99	-2.44	-0.03
341	-6.31	-3.12	-0.37
342	-6.52	-3.63	-1.04
343	-7.29	-4.21	-1.93
344	-7.58	-4.73	-2.14
345	-7.98	-5.00	-2.60
346	-7.83	-5.23	-2.87
347	-8.14	-5.27	-2.93
348	-8.05	-5.39	-3.08
349	-8.14	-5.45	-3.17
350	-8.20	-5.50	-3.17
351	-8.15	-5.59	-3.21
352	-8.19	-5.67	-3.48
353	-8.22	-5.55	-3.44
354	-8.24	-5.57	-3.41
355	-8.19	-5.59	-3.25
356	-8.02	-5.52	-3.43
357	-8.03	-5.51	-3.32
358	-8.02	-5.46	-3.16
359	-7.90	-5.46	-3.40
360	-7.85	-5.43	-3.24
361	-8.45	-5.70	-3.46
362	-8.73	-5.84	-3.59
363	-8.96	-6.03	-3.69
364	-9.06	-6.07	-3.55
365	-8.97	-6.17	-3.69
366	-9.00	-6.08	-3.56
367	-8.75	-5.85	-3.43
368	-8.71	-5.76	-3.40
369	-8.61	-5.64	-2.92
370	-8.05	-5.41	-3.04
371	-7.94	-5.25	-2.82
372	-8.08	-5.29	-2.81
373	-8.14	-5.35	-3.09
374	-8.02	-5.33	-2.95
375	-7.96	-5.11	-2.70
376	-7.60	-4.88	-2.53
377	-7.40	-4.67	-2.45
378	-7.33	-4.59	-2.45
379	-7.13	-4.55	-2.18
380	-7.07	-4.44	-2.17
381	-6.74	-4.28	-2.09
382	-6.70	-4.27	-1.81
383	-6.66	-4.07	-1.70
384	-6.50	-3.87	-1.73
385	-6.64	-3.97	-1.53
386	-6.76	-3.88	-1.40
387	-6.37	-3.61	-1.29
388	-6.46	-3.41	-0.83
389	-6.07	-3.36	-0.54
390	-6.12	-3.23	-0.66
391	-5.81	-3.15	-0.56
392	-5.84	-3.11	-0.59
393	-5.51	-2.69	-0.35
394	-4.68	-2.24	0.25
395	-4.30	-2.00	0.39
396	-4.18	-1.87	0.54
397	-3.72	-1.43	0.92
398	-3.53	-1.21	0.97
399	-3.46	-1.08	1.24
400	-3.21	-0.88	1.52
401	-3.12	-0.63	1.74
402	-2.47	-0.17	2.03
403	-2.39	0.01	2.43
404	-2.17	0.01	2.55
405	-2.02	0.30	2.49
406	-2.03	0.33	2.52
407	-1.78	0.34	2.66
408	-1.74	0.54	3.05
409	-1.44	0.57	2.66
410	-1.58	0.52	2.81
411	-1.79	0.39	2.40
412	-1.86	0.45	2.58
413	-1.89	0.32	2.39
414	-2.00	0.15	2.33
415	-1.96	0.06	2.24
416	-2.00	-0.04	1.92
417	-2.16	-0.07	2.06
418	-2.11	-0.15	2.15
419	-2.46	-0.32	1.71
420	-2.84	-0.49	1.55
421	-3.21	-0.77	1.53
422	-3.62	-1.23	1.22
423	-4.26	-1.47	0.81
424	-4.64	-1.85	0.76
425	-5.31	-2.50	-0.40
426	-5.51	-3.12	-1.11
427	-5.93	-3.39	-1.26
428	-6.03	-3.64	-1.36
429	-6.41	-3.96	-1.76
430	-6.92	-4.10	-2.03
431	-7.00	-4.36	-1.97
432	-6.97	-4.36	-2.16
433	-7.36	-4.59	-2.41
434	-7.60	-4.55	-2.11
435	-7.21	-4.76	-2.38
436	-8.02	-4.94	-2.32
437	-8.06	-5.04	-2.72
438	-8.20	-5.19	-2.73
439	-8.21	-5.14	-2.73
440	-7.91	-5.07	-2.68
441	-7.78	-4.89	-2.56
442	-7.22	-4.60	-2.22
443	-7.11	-4.43	-2.21
444	-7.01	-4.40	-2.04
445	-7.13	-4.43	-2.14
446	-7.37	-4.79	-2.61
447	-7.22	-4.81	-2.46
448	-7.30	-4.76	-2.54
449	-7.48	-4.89	-2.57
450	-7.43	-4.96	-2.73
451	-7.59	-4.83	-2.57
452	-7.56	-4.87	-2.36
453	-7.59	-4.99	-2.55
454	-7.82	-4.99	-2.59
455	-7.92	-5.23	-2.63
456	-8.23	-5.14	-2.61
457	-8.51	-5.20	-2.64
458	-8.70	-5.44	-2.67
459	-8.92	-5.43	-2.77
460	-9.43	-6.43	-3.59
461	-9.64	-6.28	-3.62
462	-9.08	-5.98	-3.37
463	-8.90	-5.74	-3.25
464	-8.52	-5.74	-3.06
465	-8.92	-5.77	-2.98
466	-9.18	-5.83	-3.01
467	-9.26	-5.98	-3.31
468	-9.44	-6.09	-2.90
469	-9.45	-6.12	-3.21
470	-9.23	-6.06	-3.00
471	-9.43	-5.99	-3.06
472	-8.95	-5.90	-2.75
473	-9.13	-5.92	-2.86
474	-9.08	-5.87	-3.20
475	-9.02	-5.79	-2.73
476	-9.09	-5.91	-2.99
477	-9.28	-5.78	-2.94
478	-8.92	-5.48	-2.90
479	-8.48	-5.41	-2.71
480	-8.18	-5.19	-2.40
481	-7.83	-4.89	-2.43
482	-7.49	-4.52	-2.11
483	-7.06	-4.14	-1.36
484	-6.23	-3.54	-1.03
485	-5.88	-3.36	-0.99
486	-5.97	-3.29	-0.69
487	-6.03	-3.21	-0.76
488	-5.85	-3.05	-0.81
489	-5.54	-2.84	-0.28
490	-5.25	-2.63	-0.14
491	-4.60	-2.29	0.26
492	-4.64	-2.22	0.14
493	-4.12	-2.00	0.32
494	-4.22	-1.88	0.56
495	-4.49	-2.01	0.21
496	-4.62	-2.21	0.14
497	-4.62	-2.27	-0.18
498	-4.78	-2.30	0.03
499	-4.76	-2.40	-0.13
500	-5.08	-2.40	-0.30
501	-4.87	-2.35	-0.21
502	-4.85	-2.27	-0.27
503	-5.09	-2.44	-0.25
504	-4.75	-2.32	0.00
505	-5.28	-2.36	0.06
506	-5.10	-2.37	-0.16
507	-4.81	-2.29	0.21
508	-4.45	-2.25	0.06
509	-4.86	-2.34	0.14
510	-4.96	-2.48	-0.15
511	-5.39	-2.65	-0.56
512	-5.23	-2.86	-0.74
513	-5.60	-2.99	-0.59
514	-5.75	-3.19	-0.82
515	-5.93	-3.10	-0.79
516	-5.62	-3.06	-0.91
517	-5.57	-3.15	-0.94
518	-5.81	-3.26	-1.06
519	-5.76	-3.20	-0.98
520	-5.73	-3.25	-0.83
521	-5.56	-3.15	-0.97
522	-5.61	-3.12	-1.07
523	-5.64	-2.97	-0.84
524	-5.33	-2.92	-0.74
525	-5.23	-2.69	-0.37
526	-4.99	-2.69	-0.51
527	-5.60	-2.81	-0.56
528	-5.57	-2.94	-0.64
529	-5.75	-3.13	-0.64
530	-5.67	-3.23	-0.76
531	-6.01	-3.34	-0.87
532	-6.21	-3.32	-0.80
533	-6.53	-3.58	-0.64
534	-6.48	-3.59	-1.09
535	-6.68	-3.87	-1.51
536	-6.83	-4.15	-1.45
537	-6.85	-4.08	-1.67
538	-7.28	-4.34	-1.78
539	-7.86	-4.74	-2.19
540	-8.38	-4.99	-2.16
541	-8.22	-5.13	-2.39
542	-8.55	-5.16	-2.62
543	-8.17	-5.11	-2.38
544	-8.07	-5.11	-2.47
545	-8.00	-5.00	-2.25
546	-8.16	-4.94	-1.95
547	-7.84	-5.04	-2.72
548	-8.28	-5.13	-2.60
549	-8.22	-5.14	-2.52
550	-7.94	-5.04	-2.55
551	-7.68	-4.96	-2.39
552	-7.94	-4.94	-2.24
553	-7.66	-4.77	-2.08
554	-7.39	-4.75	-2.19
555	-7.46	-4.59	-2.16
556	-7.25	-4.43	-2.09
557	-7.37	-4.36	-2.10
558	-7.22	-4.43	-2.12
559	-7.23	-4.27	-1.78
560	-6.70	-3.88	-1.61
561	-6.12	-3.71	-1.40
562	-6.27	-3.63	-1.14
563	-6.48	-3.60	-1.18
564	-6.46	-3.56	-0.89
565	-6.71	-3.53	-1.13
566	-6.48	-3.57	-0.81
567	-6.39	-3.43	-0.86
568	-6.15	-3.38	-0.69
569	-6.11	-3.36	-0.57
570	-5.61	-2.98	-0.14
571	-5.06	-2.38	-0.19
572	-4.99	-1.96	0.58
573	-4.14	-1.45	1.31
574	-3.64	-1.19	1.50
575	-3.68	-0.99	1.44
576	-3.25	-0.84	1.70
577	-3.31	-0.81	1.65
578	-3.65	-0.80	1.47
579	-3.11	-0.58	2.00
580	-3.35	-0.73	1.86
581	-3.54	-1.13	1.24
582	-3.63	-1.26	1.00
583	-3.84	-1.20	0.80
584	-3.40	-1.38	1.00
585	-3.95	-1.41	0.98
586	-3.88	-1.46	1.02
587	-3.96	-1.52	0.78
588	-4.41	-1.64	0.82
589	-4.16	-1.77	0.79
590	-4.74	-1.92	0.49
591	-4.45	-1.91	0.81
592	-4.28	-1.76	0.75
593	-4.53	-1.65	0.81
594	-4.17	-1.72	0.78
595	-4.15	-1.55	1.06
596	-4.34	-1.72	0.83
597	-4.21	-1.73	0.95
598	-4.13	-1.69	0.54
599	-4.09	-1.47	0.96
600	-4.01	-1.45	0.75
601	-3.66	-1.44	1.00
602	-3.76	-1.27	1.16
603	-3.71	-1.09	1.09
604	-3.24	-0.91	1.35
605	-3.75	-1.01	1.24
606	-3.69	-1.15	1.64
607	-3.86	-1.15	1.48
608	-3.58	-1.00	1.56
609	-3.44	-1.02	1.38
610	-3.25	-0.99	1.47
611	-3.28	-0.96	1.42
612	-3.31	-0.87	1.81
613	-3.22	-0.91	1.71
614	-3.45	-0.89	1.47
615	-3.42	-1.06	1.28
616	-3.59	-1.18	1.17
617	-3.60	-1.19	1.26
618	-3.47	-1.12	1.18
619	-3.45	-0.98	1.62
620	-3.59	-1.07	1.41
621	-3.62	-1.17	1.18
622	-3.96	-1.48	0.95
623	-4.43	-1.79	0.87
624	-4.39	-1.88	0.64
625	-4.65	-1.96	0.78
626	-4.67	-2.22	0.23
627	-5.18	-2.66	-0.13
628	-5.58	-2.83	-0.06
629	-6.04	-3.19	-0.63
630	-6.76	-3.62	-1.17
631	-7.02	-3.89	-1.48
632	-6.87	-4.03	-1.64
633	-7.20	-4.17	-1.71
634	-7.23	-4.21	-1.52
635	-7.13	-4.20	-1.84
636	-7.14	-4.32	-1.67
637	-7.33	-4.50	-1.84
638	-7.47	-4.67	-2.29
639	-7.86	-4.75	-2.02
640	-7.59	-4.74	-2.09
641	-7.50	-4.69	-2.16
642	-7.53	-4.66	-2.20
643	-7.29	-4.56	-2.17
644	-7.20	-4.49	-1.93
645	-7.03	-4.25	-1.62
646	-6.53	-3.91	-1.50
647	-6.59	-3.67	-1.31
648	-6.56	-3.67	-1.20
649	-6.68	-3.63	-0.92
650	-6.80	-3.81	-0.92
651	-6.94	-3.85	-1.05
652	-7.10	-4.04	-1.04
653	-7.34	-4.23	-1.47
654	-7.62	-4.54	-2.11
655	-7.63	-4.61	-1.60
656	-7.64	-4.57	-1.87
657	-7.49	-4.61	-1.95
658	-7.60	-4.59	-1.88
659	-7.53	-4.65	-2.04
660	-7.72	-4.73	-2.16
661	-7.75	-4.70	-1.99
662	-7.82	-4.79	-2.18
663	-8.14	-4.88	-1.98
664	-8.07	-4.78	-2.26
665	-7.44	-4.74	-2.20
666	-7.28	-4.43	-1.84
667	-6.90	-4.15	-1.12
668	-6.95	-4.03	-1.24
669	-7.11	-3.94	-1.61
670	-6.96	-4.18	-1.61
671	-7.37	-4.33	-1.78
672	-7.44	-4.53	-1.56
673	-7.57	-4.22	-1.63
674	-7.51	-4.21	-1.69
675	-7.44	-4.15	-1.50
676	-6.76	-4.08	-1.39
677	-6.71	-3.94	-1.48
678	-7.14	-3.92	-1.41
679	-6.78	-3.97	-1.27
680	-7.31	-3.95	-1.32
681	-6.82	-4.01	-1.10
682	-6.94	-3.86	-1.34
683	-6.75	-3.77	-0.97
684	-6.42	-3.76	-1.30
685	-6.31	-3.74	-1.26
686	-6.37	-3.65	-1.34
687	-6.66	-3.64	-1.20
688	-6.23	-3.62	-1.13
689	-6.16	-3.49	-1.07
690	-5.69	-2.98	-0.53
691	-5.50	-3.03	-0.65
692	-5.59	-2.76	-0.29
693	-4.91	-2.51	-0.33
694	-5.06	-2.31	0.56
695	-5.02	-2.35	0.25
696	-5.15	-2.37	0.08
697	-4.74	-1.99	0.61
698	-4.15	-1.55	0.92
699	-4.09	-1.65	1.01
700	-4.38	-1.73	0.54
701	-4.34	-1.63	0.68
702	-4.23	-1.72	0.84
703	-3.88	-1.50	0.94
704	-3.70	-1.31	0.93
705	-3.29	-1.22	1.08
706	-3.47	-0.98	1.22
707	-3.38	-1.20	1.25
708	-3.62	-1.24	1.08
709	-4.18	-1.29	1.03
710	-3.98	-1.57	0.50
711	-4.59	-1.97	0.17
712	-4.90	-2.31	0.05
713	-5.49	-2.76	-0.65
714	-5.67	-3.27	-1.03
715	-5.82	-3.30	-1.04
716	-5.87	-3.52	-1.13
717	-6.37	-3.69	-1.60
718	-6.82	-3.81	-1.35
719	-6.64	-3.93	-1.85
720	-6.51	-3.96	-1.53
721	-6.56	-3.95	-1.58
722	-6.37	-3.95	-1.42
723	-6.68	-3.97	-1.52
724	-6.52	-3.89	-1.36
725	-6.62	-3.96	-1.55
726	-6.71	-3.93	-1.45
727	-6.20	-3.83	-1.40
728	-6.42	-3.68	-1.37
729	-6.87	-3.67	-0.74
730	-7.06	-3.55	-1.29
731	-6.37	-3.55	-1.15
732	-6.37	-3.47	-1.14
733	-6.47	-3.48	-0.64
734	-6.53	-3.39	-0.15
735	-6.20	-3.15	-0.29
736	-5.99	-2.98	0.14
737	-5.82	-2.87	-0.17
738	-5.62	-2.98	-0.60
739	-5.52	-3.05	-0.46
740	-5.60	-3.17	-1.00
741	-5.97	-3.15	-0.88
742	-5.61	-3.15	-1.13
743	-5.70	-3.14	-0.67
744	-5.53	-3.01	-0.87
745	-6.04	-3.17	-0.83
746	-5.98	-3.18	-0.84
747	-6.28	-3.31	-0.70
748	-6.28	-3.34	-0.90
749	-6.97	-3.62	-0.76
750	-7.33	-3.79	-0.79
751	-8.11	-4.14	-0.98
752	-8.62	-4.58	-1.77
753	-9.22	-5.23	-2.01
754	-9.07	-5.68	-2.59
755	-9.14	-5.74	-1.76
756	-9.27	-5.77	-1.79
757	-9.35	-5.54	-1.81
758	-9.07	-5.22	-1.62
759	-9.11	-4.88	-1.29
760	-8.40	-4.35	-0.70
761	-7.48	-4.02	-0.97
762	-7.39	-3.62	-0.07
763	-6.48	-3.39	0.20
764	-6.47	-3.19	0.21
765	-6.55	-3.08	0.06
766	-6.22	-3.09	0.79
767	-6.55	-3.07	0.29
768	-6.51	-3.30	-0.02
769	-6.72	-3.43	-0.16
770	-6.64	-3.22	-0.05
771	-6.57	-3.45	0.21
772	-6.88	-3.46	0.58
773	-6.81	-3.28	0.22
774	-6.43	-2.85	0.83
775	-6.65	-2.62	0.89
776	-6.31	-2.51	0.92
777	-5.74	-2.42	0.85
778	-5.48	-2.33	0.35
779	-5.03	-2.10	0.73
780	-4.97	-2.14	0.86
781	-4.98	-1.90	0.55
782	-4.94	-1.92	0.44
783	-5.05	-2.14	0.23
784	-4.82	-2.08	0.64
785	-4.95	-2.20	0.63
786	-5.08	-2.45	-0.05
787	-5.12	-2.59	-0.01
788	-5.66	-2.78	0.24
789	-5.42	-2.99	-0.58
790	-6.42	-3.22	-0.62
791	-7.86	-4.14	-1.44
792	-8.33	-5.15	-2.54
793	-8.56	-5.44	-3.13
794	-9.21	-5.58	-3.00
795	-8.79	-5.86	-3.07
796	-9.31	-6.04	-3.36
797	-9.73	-6.25	-3.80
798	-10.14	-6.53	-3.63
799	-10.21	-6.82	-3.97
800	-10.83	-6.95	-4.35
801	-10.53	-7.18	-4.36
802	-10.53	-7.21	-4.19
803	-10.84	-7.07	-4.30
804	-9.65	-6.23	-3.20
805	-9.49	-6.14	-3.41
806	-9.58	-6.10	-3.03
807	-9.39	-6.11	-3.00
808	-9.11	-5.79	-3.21
809	-8.91	-5.67	-2.74
810	-8.75	-5.64	-2.59
811	-8.49	-5.22	-2.20
812	-8.31	-4.99	-2.38
813	-8.05	-4.78	-2.32
814	-7.54	-4.54	-1.67
815	-7.26	-4.12	-1.56
816	-6.99	-4.06	-1.44
817	-6.99	-4.05	-1.35
818	-6.61	-3.96	-1.44
819	-6.67	-3.95	-1.32
820	-6.78	-3.73	-1.53
821	-6.55	-3.65	-1.01
822	-6.63	-3.58	-0.50
823	-5.63	-2.88	-0.41
824	-4.83	-2.37	0.21
825	-4.64	-2.15	0.33
826	-4.79	-2.03	0.58
827	-4.75	-2.15	0.57
828	-5.32	-2.26	0.37
829	-4.96	-2.44	0.17
830	-5.43	-2.72	-0.16
831	-5.52	-3.01	-0.72
832	-5.99	-3.11	-0.44
833	-5.86	-3.13	-0.53
834	-6.28	-3.28	-0.73
835	-6.22	-3.23	-0.72
836	-6.24	-3.35	-0.89
837	-6.24	-3.51	-0.83
838	-6.12	-3.40	-0.69
839	-6.21	-3.40	-1.16
840	-6.05	-3.30	-0.61
841	-5.73	-3.12	-0.81
842	-5.42	-2.83	-0.30
843	-5.37	-2.69	0.21
844	-5.74	-2.70	-0.29
845	-5.42	-2.72	-0.49
846	-5.57	-2.75	-0.29
847	-6.06	-2.83	0.08
848	-5.73	-2.97	-0.53
849	-5.89	-3.02	-0.23
850	-5.76	-2.85	0.37
851	-5.80	-2.50	0.53
852	-4.94	-2.17	0.94
853	-4.48	-1.98	1.03
854	-5.02	-2.01	1.23
855	-4.75	-1.81	0.97
856	-4.66	-1.67	1.47
857	-4.16	-1.56	1.38
858	-5.20	-1.48	1.15
859	-4.90	-1.75	1.05
860	-4.69	-1.70	1.43
861	-4.58	-1.59	1.25
862	-4.18	-1.59	1.11
863	-4.58	-1.69	1.40
864	-4.64	-1.60	0.74
865	-4.12	-1.73	0.94
866	-4.97	-1.95	0.48
867	-4.53	-1.93	0.53
868	-4.76	-2.31	0.21
869	-5.73	-2.82	-0.83
870	-5.99	-3.23	-0.84
871	-6.34	-3.69	-1.01
872	-6.97	-4.15	-1.58
873	-7.02	-4.20	-1.84
874	-7.31	-4.53	-1.92
875	-7.45	-4.41	-1.90
876	-7.09	-4.30	-1.88
877	-7.01	-4.22	-1.57
878	-7.20	-4.35	-2.20
879	-7.30	-4.40	-1.78
880	-7.32	-4.58	-1.80
881	-7.20	-4.64	-2.13
882	-7.00	-4.17	-1.75
883	-6.99	-4.30	-1.78
884	-7.03	-4.27	-1.69
885	-6.90	-4.19	-1.73
886	-6.91	-4.09	-1.85
887	-6.94	-4.15	-1.12
888	-6.79	-4.26	-1.65
889	-7.23	-4.41	-1.71
890	-7.21	-4.39	-1.87
891	-7.33	-4.63	-1.91
892	-7.52	-4.67	-1.66
893	-7.56	-4.70	-1.70
894	-8.37	-5.23	-2.52
895	-9.11	-5.54	-2.43
896	-8.48	-5.51	-2.47
897	-8.77	-5.55	-2.48
898	-8.51	-5.47	-2.45
899	-8.45	-5.36	-2.50
900	-8.51	-5.31	-2.26
901	-8.43	-4.88	-1.82
902	-7.61	-4.50	-1.67
903	-7.30	-4.45	-1.70
904	-7.32	-4.32	-1.91
905	-7.41	-4.36	-1.83
906	-7.64	-4.59	-1.89
907	-7.38	-4.69	-2.03
908	-7.61	-4.24	-1.86
909	-6.90	-4.08	-1.70
910	-6.75	-4.05	-1.65
911	-6.83	-4.03	-1.88
912	-6.99	-4.16	-1.70
913	-7.13	-4.47	-1.99
914	-8.10	-4.81	-2.22
915	-8.23	-5.22	-2.61
916	-8.39	-5.45	-2.89
917	-8.49	-5.52	-2.88
918	-8.94	-5.95	-3.68
919	-9.14	-6.03	-3.37
920	-9.37	-6.20	-3.57
921	-9.86	-6.20	-3.72
922	-9.87	-6.39	-3.52
923	-9.75	-6.39	-3.45
924	-9.48	-6.29	-3.31
925	-9.46	-6.11	-3.27
926	-9.75	-6.03	-3.35
927	-9.21	-5.91	-3.36
928	-9.03	-5.85	-3.05
929	-9.18	-5.82	-3.02
930	-8.70	-5.44	-2.79
931	-8.17	-4.90	-2.18
932	-7.45	-4.64	-2.09
933	-7.32	-4.36	-1.72
934	-6.79	-4.00	-1.31
935	-6.72	-3.85	-1.18
936	-6.66	-3.89	-1.36
937	-7.04	-4.04	-1.55
938	-6.89	-4.06	-1.52
939	-6.69	-3.93	-1.57
940	-6.68	-3.90	-1.36
941	-6.75	-3.47	-0.39
942	-5.20	-2.60	-0.10
943	-5.31	-2.38	0.20
944	-5.12	-2.31	0.62
945	-4.77	-1.89	0.75
946	-4.67	-1.71	0.64
947	-3.97	-1.36	1.23
948	-3.87	-1.14	1.47
949	-3.81	-1.07	1.50
950	-3.33	-0.62	2.01
951	-2.81	-0.13	3.00
952	-2.41	0.15	2.75
953	-2.06	0.45	2.83
954	-2.12	0.56	3.01
955	-2.23	0.26	2.85
956	-2.13	0.32	2.95
957	-2.83	0.11	2.95
958	-2.79	0.02	2.54
959	-3.75	-0.80	2.23
960	-4.60	-1.71	1.00
961	-4.55	-2.04	0.62
962	-5.28	-2.31	0.56
963	-5.09	-2.77	-0.23
964	-5.80	-3.00	-0.47
965	-6.55	-3.44	-0.78
966	-6.82	-3.88	-1.21
967	-7.72	-4.21	-0.99
968	-7.76	-4.33	-1.49
969	-7.56	-4.45	-1.47
970	-7.26	-3.94	-1.20
971	-6.76	-3.72	-0.95
972	-6.28	-3.33	-0.98
973	-6.14	-3.21	-0.71
974	-6.04	-3.15	-0.54
975	-5.73	-3.10	-0.30
976	-5.43	-2.72	-0.44
977	-5.42	-2.66	-0.34
978	-5.13	-2.60	-0.18
979	-5.29	-2.42	-0.02
980	-5.43	-2.56	-0.18
981	-4.97	-2.88	-0.54
982	-5.75	-2.95	-0.75
983	-5.89	-3.15	-0.87
984	-5.97	-3.25	-0.86
985	-5.56	-3.14	-0.73
986	-5.83	-3.23	-0.82
987	-5.81	-3.41	-1.13
988	-6.25	-3.27	-0.91
989	-5.88	-3.06	-0.84
990	-5.80	-3.17	-0.73
991	-5.76	-2.93	-0.66
992	-5.61	-2.85	-0.50
993	-5.07	-2.53	0.02
994	-5.10	-2.41	0.18
995	-4.90	-2.30	0.05
996	-4.90	-2.31	0.16
997	-5.00	-2.30	-0.05
998	-4.91	-2.28	0.05
999	-5.07	-2.55	0.01
1000	-5.41	-2.74	-0.29
1001	-5.67	-2.97	-0.63
1002	-5.86	-3.29	-0.79
1003	-6.08	-3.42	-0.74
1004	-6.41	-3.58	-1.07
1005	-6.56	-3.63	-1.27
1006	-7.09	-3.78	-1.39
1007	-6.67	-3.88	-1.57
1008	-7.01	-4.09	-1.59
1009	-7.14	-4.19	-1.60
1010	-7.83	-4.32	-1.89
1011	-7.22	-4.27	-1.61
1012	-6.75	-4.23	-1.66
1013	-7.16	-3.97	-1.47
1014	-6.72	-3.69	-1.05
1015	-6.21	-3.40	-1.01
1016	-5.94	-3.30	-1.20
1017	-5.66	-3.14	-0.93
1018	-5.87	-2.96	-0.41
1019	-5.43	-2.80	-0.04
1020	-5.51	-2.63	0.12
1021	-5.07	-2.51	0.23
1022	-4.77	-2.32	0.58
1023	-4.65	-1.88	0.22
1024	-3.91	-1.68	0.65
1025	-4.17	-1.52	0.84
1026	-3.81	-1.36	1.21
1027	-3.95	-1.69	1.06
1028	-4.48	-1.68	0.70
1029	-4.34	-1.88	0.73
1030	-4.80	-1.96	0.72
1031	-4.79	-2.04	0.74
1032	-4.94	-2.28	0.18
1033	-5.25	-2.44	0.40
1034	-5.62	-2.74	-0.18
1035	-5.65	-2.61	-0.08
1036	-5.70	-2.72	0.15
1037	-6.14	-3.10	-0.03
1038	-6.50	-3.63	-0.87
1039	-6.76	-3.73	-1.06
1040	-6.72	-3.96	-0.88
1041	-7.26	-4.08	-0.85
1042	-7.21	-4.17	-1.22
1043	-8.01	-4.50	-1.53
1044	-7.69	-4.60	-1.59
1045	-7.67	-4.61	-1.19
1046	-8.63	-4.68	-1.27
1047	-8.85	-5.03	-1.21
1048	-9.23	-5.26	-1.11
1049	-9.71	-5.35	-1.93
1050	-9.67	-5.24	-1.46
1051	-9.64	-5.33	-1.49
1052	-9.66	-4.75	-0.88
1053	-9.49	-4.69	-0.98
1054	-8.40	-4.37	-0.67
1055	-8.82	-4.25	-0.66
1056	-7.75	-4.12	-0.92
1057	-7.83	-4.11	-1.16
1058	-7.42	-3.96	-1.07
1059	-6.50	-3.60	-0.98
1060	-6.36	-3.30	-0.77
1061	-5.77	-2.85	-0.70
1062	-5.82	-2.75	-0.32
1063	-5.36	-2.69	0.08
1064	-4.93	-2.28	0.46
1065	-5.28	-2.24	0.56
1066	-5.30	-1.92	1.04
1067	-5.11	-1.77	1.58
1068	-5.26	-1.35	1.96
1069	-4.90	-1.49	1.90
1070	-5.24	-1.08	2.77
1071	-5.23	-1.06	2.86
1072	-5.83	-0.96	2.90
1073	-5.34	-0.92	2.68
1074	-4.96	-0.84	2.69
1075	-4.38	-0.92	2.50
1076	-3.90	-0.43	2.71
1077	-3.66	-0.48	2.15
1078	-3.78	-0.70	1.99
1079	-3.50	-0.75	1.70
1080	-3.34	-0.94	1.63
1081	-3.64	-0.93	1.59
1082	-3.28	-0.94	1.21
1083	-3.49	-1.08	1.10
1084	-3.68	-1.19	1.07
1085	-3.66	-1.09	1.16
1086	-3.44	-0.95	1.62
1087	-3.69	-1.10	1.12
1088	-3.65	-1.17	1.14
1089	-4.03	-1.48	1.33
1090	-4.33	-1.77	0.54
1091	-4.69	-2.03	0.47
1092	-4.69	-2.42	0.36
1093	-5.22	-2.49	0.06
1094	-5.43	-2.85	0.13
1095	-6.09	-3.04	-0.14
1096	-5.97	-3.38	-0.65
1097	-6.02	-3.39	-0.67
1098	-6.24	-3.34	-0.28
1099	-6.43	-3.53	-0.39
1100	-6.35	-3.33	-0.55
1101	-6.60	-3.36	-0.46
1102	-6.71	-3.62	-0.69
1103	-6.76	-3.63	-0.50
1104	-7.16	-3.81	-0.40
1105	-6.95	-3.93	-0.60
1106	-7.26	-3.60	-0.81
1107	-7.09	-3.59	-0.26
1108	-6.34	-3.24	-0.22
1109	-6.06	-3.03	-0.42
1110	-5.76	-2.95	-0.54
1111	-5.73	-3.00	-0.22
1112	-5.76	-2.98	-0.36
1113	-5.98	-3.02	-0.71
1114	-6.95	-3.77	-0.84
1115	-7.56	-4.40	-1.85
1116	-7.96	-4.48	-1.92
1117	-8.04	-4.69	-1.73
1118	-8.35	-5.12	-2.72
1119	-8.37	-5.33	-2.25
1120	-8.46	-5.36	-2.64
1121	-8.77	-5.57	-2.83
1122	-8.89	-5.57	-2.70
1123	-9.03	-5.58	-2.84
1124	-8.95	-5.74	-3.12
1125	-8.98	-5.54	-2.56
1126	-7.95	-5.03	-1.91
1127	-8.25	-5.00	-1.75
1128	-8.53	-5.32	-1.93
1129	-9.06	-5.64	-2.33
1130	-9.33	-5.89	-2.23
1131	-9.40	-5.92	-2.69
1132	-9.85	-6.08	-1.67
1133	-9.71	-5.94	-2.35
1134	-10.18	-5.92	-1.92
1135	-10.07	-5.76	-2.23
1136	-9.94	-5.76	-0.83
1137	-9.73	-5.39	-0.22
1138	-10.03	-5.60	-0.97
1139	-10.55	-5.50	-0.36
1140	-10.54	-5.64	0.13
1141	-10.81	-5.59	-1.04
1142	-10.41	-5.50	-1.07
1143	-11.23	-5.38	-0.69
1144	-10.02	-5.21	-0.44
1145	-9.81	-5.01	-0.98
1146	-9.49	-4.93	-0.77
1147	-9.29	-4.82	-1.43
1148	-8.35	-4.66	-1.08
1149	-8.08	-4.53	-1.30
1150	-7.93	-4.61	-1.48
1151	-8.18	-4.48	-1.11
1152	-7.71	-4.59	-1.30
1153	-7.90	-4.65	-1.49
1154	-8.20	-4.73	-1.69
1155	-8.11	-4.74	-1.74
1156	-8.19	-4.77	-1.69
1157	-7.96	-4.61	-1.31
1158	-7.67	-4.29	-1.36
1159	-6.39	-3.32	-0.15
1160	-5.33	-2.53	0.47
1161	-5.00	-2.06	0.64
1162	-4.89	-1.91	0.96
1163	-4.25	-1.84	1.04
1164	-4.94	-1.95	1.16
1165	-4.45	-1.79	1.42
1166	-4.64	-1.86	1.26
1167	-4.83	-1.77	1.27
1168	-5.02	-1.79	1.39
1169	-4.67	-1.81	1.44
1170	-4.99	-1.93	1.47
1171	-4.65	-1.67	1.65
1172	-5.22	-1.62	1.74
1173	-4.57	-1.79	1.54
1174	-4.67	-1.70	1.45
1175	-4.42	-1.55	1.56
1176	-4.46	-1.78	1.57
1177	-4.60	-1.71	1.20
1178	-4.59	-1.71	1.31
1179	-4.13	-1.53	1.66
1180	-3.91	-1.42	1.19
1181	-3.97	-1.38	1.72
1182	-3.82	-1.44	1.56
1183	-4.43	-1.40	1.64
1184	-4.38	-1.34	1.63
1185	-4.21	-1.17	1.22
1186	-4.43	-1.22	1.56
1187	-4.12	-1.12	1.48
1188	-3.91	-0.97	1.97
1189	-4.29	-0.98	1.83
1190	-4.58	-1.02	2.13
1191	-4.77	-1.18	1.87
1192	-4.85	-1.48	1.71
1193	-5.58	-1.77	1.57
1194	-5.68	-1.85	2.03
1195	-5.68	-2.11	1.71
1196	-6.72	-2.60	2.14
1197	-6.38	-2.43	1.50
1198	-7.13	-2.75	1.39
1199	-6.88	-2.83	2.00
1200	-7.19	-2.69	1.70
1201	-6.93	-2.69	1.01
1202	-6.74	-3.06	0.91
1203	-7.20	-3.34	0.50
1204	-7.13	-3.80	-0.67
1205	-7.47	-3.95	-0.66
1206	-7.28	-3.85	-0.38
1207	-6.67	-3.68	-0.41
1208	-6.23	-3.43	-0.64
1209	-6.16	-3.37	-0.67
1210	-6.39	-3.39	-0.41
1211	-6.07	-3.36	-0.73
1212	-6.26	-3.32	-0.62
1213	-6.32	-3.51	-0.50
1214	-6.96	-3.59	-0.38
1215	-7.16	-3.62	-0.24
1216	-7.79	-3.99	-0.30
1217	-7.47	-4.04	0.03
1218	-7.24	-4.10	-0.82
1219	-7.73	-4.27	-0.66
1220	-7.87	-3.97	-0.50
1221	-6.78	-3.75	-0.10
1222	-6.64	-3.49	-0.73
1223	-6.79	-3.54	-0.11
1224	-6.31	-3.24	0.08
1225	-7.09	-3.35	0.45
1226	-6.60	-2.59	1.22
1227	-5.42	-1.72	2.16
1228	-5.08	-1.44	2.66
1229	-5.48	-1.25	2.54
1230	-5.31	-1.17	3.02
1231	-4.58	-0.94	2.95
1232	-4.77	-0.80	3.19
1233	-4.19	-0.94	2.56
1234	-4.13	-0.49	3.07
1235	-3.23	-0.35	3.03
1236	-3.25	-0.46	2.38
1237	-3.17	-0.40	2.49
1238	-2.95	-0.44	2.49
1239	-3.33	-0.49	2.36
1240	-3.08	-0.62	1.80
1241	-3.93	-0.70	1.82
1242	-3.58	-0.89	1.88
1243	-4.22	-0.95	2.00
1244	-4.18	-1.22	1.90
1245	-4.14	-1.28	1.40
1246	-5.99	-2.68	-0.26
1247	-6.19	-2.95	-0.16
1248	-6.25	-3.15	-0.39
1249	-6.98	-3.68	-0.85
1250	-7.17	-3.81	-1.13
1251	-7.27	-3.87	-0.87
1252	-7.76	-4.27	-1.52
1253	-7.85	-4.58	-1.49
1254	-8.29	-4.96	-1.69
1255	-9.05	-5.41	-2.50
1256	-9.37	-5.79	-2.79
1257	-9.22	-6.04	-2.87
1258	-9.75	-6.24	-2.94
1259	-9.54	-5.96	-3.14
1260	-9.18	-6.13	-3.18
1261	-9.59	-6.20	-3.03
1262	-9.98	-6.28	-2.80
1263	-9.59	-6.13	-3.10
1264	-9.70	-6.01	-2.86
1265	-9.08	-5.13	-2.13
1266	-8.46	-4.82	-1.86
1267	-7.31	-4.25	-1.88
1268	-7.34	-4.09	-1.28
1269	-6.95	-3.86	-1.42
1270	-6.39	-3.79	-1.18
1271	-6.81	-3.83	-1.64
1272	-6.98	-3.72	-1.21
1273	-6.86	-3.78	-0.75
1274	-6.57	-3.27	-0.46
1275	-5.77	-2.97	-0.18
1276	-5.34	-2.38	0.38
1277	-5.10	-2.34	-0.16
1278	-4.78	-2.28	0.29
1279	-4.88	-2.28	0.13
1280	-5.19	-2.62	0.05
1281	-5.32	-2.57	-0.10
1282	-5.14	-2.60	-0.27
1283	-5.19	-2.58	-0.04
1284	-5.40	-2.65	0.14
1285	-5.24	-2.46	-0.12
1286	-5.17	-2.58	-0.17
1287	-5.37	-2.51	0.08
1288	-5.49	-2.59	0.09
1289	-5.33	-2.61	0.33
1290	-5.40	-2.82	-0.17
1291	-5.22	-2.84	-0.12
1292	-5.98	-3.06	-0.57
1293	-6.32	-3.36	-0.52
1294	-6.41	-3.67	-1.09
1295	-6.85	-3.97	-1.23
1296	-6.70	-4.11	-1.88
1297	-7.08	-4.21	-1.45
1298	-7.68	-4.45	-1.85
1299	-7.50	-4.39	-1.30
1300	-7.27	-4.10	-1.35
1301	-6.50	-3.66	-1.13
1302	-6.31	-3.43	-0.79
1303	-6.42	-3.46	-0.79
1304	-6.47	-3.56	-0.96
1305	-6.33	-3.46	-0.89
1306	-6.47	-3.35	-0.52
1307	-5.90	-3.11	-0.09
1308	-5.78	-2.94	-0.28
1309	-5.49	-2.82	-0.28
1310	-5.52	-2.72	0.10
1311	-5.50	-2.42	0.21
1312	-4.86	-2.37	0.29
1313	-4.85	-1.94	1.01
1314	-4.44	-1.91	0.98
1315	-4.35	-1.49	1.30
1316	-4.00	-1.22	1.68
1317	-3.51	-0.79	1.64
1318	-3.13	-0.44	2.39
1319	-3.28	-0.44	2.63
1320	-3.00	-0.37	2.16
1321	-2.80	-0.27	2.50
1322	-3.03	-0.12	2.36
1323	-2.78	-0.23	2.26
1324	-3.17	-0.41	2.07
1325	-2.97	-0.39	2.15
1326	-3.24	-0.53	2.06
1327	-3.34	-0.75	1.49
1328	-3.42	-0.97	1.66
1329	-3.66	-1.07	1.39
1330	-4.24	-1.53	1.04
1331	-4.33	-1.63	1.14
1332	-4.51	-1.73	0.64
1333	-4.42	-1.93	0.67
1334	-4.78	-1.97	0.44
1335	-4.92	-2.29	0.22
1336	-4.78	-2.43	0.09
1337	-5.15	-2.46	-0.02
1338	-5.28	-2.66	0.05
1339	-5.78	-2.87	-0.37
1340	-5.46	-3.00	-0.30
1341	-5.55	-2.91	0.07
1342	-5.81	-3.01	0.03
1343	-5.74	-3.00	-0.06
1344	-6.02	-2.77	-0.06
1345	-5.55	-2.78	0.10
1346	-5.39	-2.50	-0.09
1347	-5.04	-2.27	0.73
1348	-5.18	-2.13	0.84
1349	-4.99	-1.65	1.11
1350	-5.52	-1.87	1.51
1351	-4.97	-1.80	1.63
1352	-4.72	-1.53	1.34
1353	-4.70	-1.42	1.80
1354	-4.02	-0.73	2.46
1355	-3.88	-0.31	2.60
1356	-3.30	-0.01	2.98
1357	-2.88	0.04	3.37
1358	-2.80	0.25	3.22
1359	-2.51	0.43	3.45
1360	-2.33	0.54	3.55
1361	-2.18	0.70	3.64
1362	-2.57	0.68	3.72
1363	-2.19	0.60	3.96
1364	-2.68	0.34	3.48
1365	-2.78	0.19	3.44
1366	-3.25	-0.19	2.73
1367	-3.44	-0.59	2.13
1368	-3.40	-0.84	1.42
1369	-3.98	-1.07	1.74
1370	-4.50	-1.62	1.53
1371	-4.97	-1.82	1.13
1372	-5.15	-2.14	0.88
1373	-5.05	-2.46	0.15
1374	-5.53	-2.80	-0.35
1375	-5.77	-3.11	-0.68
1376	-6.30	-3.22	-0.63
1377	-7.08	-3.70	-0.78
1378	-7.55	-4.26	-1.04
1379	-7.61	-4.46	-1.82
1380	-7.38	-4.24	-1.19
1381	-7.35	-4.07	-1.04
1382	-7.43	-3.96	-0.75
1383	-7.24	-3.78	0.03
1384	-7.19	-3.68	-0.73
1385	-7.07	-3.76	-0.87
1386	-6.92	-3.64	-0.44
1387	-6.80	-3.55	-0.52
1388	-6.67	-3.43	-0.51
1389	-6.45	-3.13	-0.53
1390	-6.36	-3.04	0.70
1391	-5.58	-2.67	0.36
1392	-5.73	-2.67	0.67
1393	-5.95	-2.55	1.00
1394	-5.01	-2.12	0.51
1395	-5.17	-1.86	0.90
1396	-4.56	-1.77	0.95
1397	-4.39	-1.35	1.33
1398	-4.10	-1.17	1.76
1399	-3.84	-1.21	1.68
1400	-4.14	-1.28	1.24
1401	-4.30	-1.33	1.56
1402	-4.41	-1.15	1.71
1403	-3.81	-1.32	1.33
1404	-4.46	-1.56	1.32
1405	-4.09	-1.50	1.42
1406	-4.60	-1.78	1.53
1407	-4.68	-1.67	1.15
1408	-4.57	-1.71	1.30
1409	-5.31	-1.85	1.00
1410	-4.60	-2.21	0.48
1411	-4.87	-1.86	0.89
1412	-5.16	-2.00	0.64
1413	-5.09	-2.10	1.18
1414	-5.65	-2.15	0.82
1415	-5.69	-2.28	0.72
1416	-5.70	-2.73	0.37
1417	-5.78	-2.77	-0.04
1418	-6.48	-2.94	-0.26
1419	-5.76	-2.94	-0.14
1420	-6.10	-2.75	0.33
1421	-5.88	-2.48	1.09
1422	-5.64	-2.40	0.60
1423	-5.24	-2.12	0.91
1424	-4.97	-2.06	0.94
1425	-5.63	-2.40	0.78
1426	-5.75	-2.44	0.34
1427	-5.66	-2.45	0.28
1428	-5.85	-2.36	0.79
1429	-5.32	-2.17	1.28
1430	-5.30	-1.94	1.63
1431	-5.42	-1.86	1.25
1432	-5.12	-1.74	1.52
1433	-4.74	-1.40	2.09
1434	-3.95	-0.91	2.25
1435	-3.51	-0.71	2.06
1436	-3.48	-0.45	2.41
1437	-3.43	-0.41	2.09
1438	-3.22	-0.35	2.42
1439	-3.38	-0.42	2.45
1440	-3.16	-0.54	2.06
1441	-3.54	-0.50	2.47
1442	-3.39	-0.63	2.08
1443	-3.94	-0.73	2.45
1444	-3.49	-0.74	2.40
1445	-3.40	-0.76	2.52
1446	-3.51	-0.50	2.80
1447	-3.59	-0.44	2.60
1448	-3.13	-0.31	2.80
1449	-2.94	-0.14	2.71
1450	-2.89	-0.40	2.37
1451	-3.02	-0.27	2.51
1452	-3.35	-0.63	2.18
1453	-3.66	-0.93	1.66
1454	-3.95	-0.95	1.76
1455	-4.18	-1.34	1.73
1456	-5.35	-1.88	1.72
1457	-5.77	-2.02	1.46
1458	-5.67	-1.94	1.60
1459	-5.45	-2.26	1.89
1460	-5.99	-2.06	1.46
1461	-6.43	-2.24	1.79
1462	-6.43	-2.25	1.35
1463	-6.26	-2.18	2.45
1464	-6.70	-2.04	2.75
1465	-6.75	-2.16	1.88
1466	-5.93	-2.01	1.69
1467	-6.00	-1.78	2.13
1468	-6.25	-2.13	1.74
1469	-5.56	-2.12	1.30
1470	-5.09	-2.08	0.83
1471	-5.09	-1.90	1.08
1472	-4.85	-1.82	1.32
1473	-4.89	-1.71	1.59
1474	-4.06	-1.27	1.40
1475	-3.90	-1.09	2.18
1476	-3.46	-1.02	1.64
1477	-3.48	-0.82	1.99
1478	-3.37	-0.50	2.24
1479	-3.44	-0.34	2.60
1480	-3.55	-0.42	3.03
1481	-3.35	0.16	2.78
1482	-2.92	0.13	3.23
1483	-2.54	0.30	3.33
1484	-2.53	0.38	3.66
1485	-2.21	0.48	3.60
1486	-2.50	0.93	3.90
1487	-1.91	0.56	3.81
1488	-2.16	0.61	3.43
1489	-2.18	0.68	3.19
1490	-2.33	0.45	3.31
1491	-2.30	0.27	3.12
1492	-2.41	0.30	2.61
1493	-2.29	0.06	2.73
1494	-2.60	-0.01	2.69
1495	-3.07	-0.49	2.25
1496	-2.93	-0.59	2.23
1497	-3.38	-0.89	1.77
1498	-3.63	-0.84	2.03
1499	-3.76	-1.09	1.75
1500	-4.00	-1.20	1.72
1501	-4.07	-1.32	1.41
1502	-4.49	-1.49	1.37
1503	-4.40	-1.69	1.58
1504	-4.82	-1.87	0.80
1505	-4.79	-1.75	0.95
1506	-4.22	-1.71	1.02
1507	-4.12	-1.54	0.86
1508	-4.21	-1.15	1.62
1509	-3.10	-0.63	2.21
1510	-2.98	-0.43	2.06
1511	-3.06	-0.58	1.91
1512	-3.57	-0.68	2.06
1513	-3.47	-0.58	1.98
1514	-3.01	-0.56	1.97
1515	-3.47	-0.75	1.84
1516	-3.55	-0.70	1.87
1517	-2.75	-0.50	1.98
1518	-2.90	-0.29	2.83
1519	-3.18	-0.39	2.37
1520	-3.05	-0.32	2.06
1521	-3.04	-0.21	2.22
1522	-3.01	-0.55	2.00
1523	-3.01	-0.51	2.26
1524	-3.29	-0.73	2.00
1525	-3.28	-0.86	1.52
1526	-3.63	-1.16	1.51
1527	-4.10	-1.36	1.39
1528	-4.23	-1.72	0.77
1529	-4.88	-2.23	0.56
1530	-5.08	-2.37	0.25
1531	-5.83	-2.75	0.08
1532	-6.21	-3.07	-0.34
1533	-5.93	-3.10	-0.67
1534	-6.38	-3.28	-0.83
1535	-6.35	-3.59	-0.97
1536	-6.56	-3.57	-0.30
1537	-6.26	-3.32	-0.70
1538	-6.35	-3.38	-0.96
1539	-6.01	-3.26	-0.47
1540	-5.62	-2.87	-0.11
1541	-5.03	-2.49	0.17
1542	-5.64	-2.24	0.34
1543	-4.54	-1.95	0.91
1544	-4.46	-1.43	1.39
1545	-4.90	-1.80	1.51
1546	-5.96	-2.63	0.59
1547	-6.31	-3.10	-0.50
1548	-6.34	-3.26	-0.67
1549	-6.56	-3.17	-0.14
1550	-6.20	-2.75	0.45
1551	-5.30	-2.47	0.20
1552	-5.45	-2.11	0.63
1553	-4.84	-1.74	0.89
1554	-4.17	-1.78	1.34
1555	-4.14	-1.69	0.99
1556	-3.96	-1.39	1.25
1557	-4.05	-1.27	1.55
1558	-3.77	-1.19	1.12
1559	-4.17	-0.69	1.91
1560	-2.90	-0.52	1.72
1561	-2.39	0.03	2.75
1562	-3.01	-0.02	2.56
1563	-3.02	0.19	2.84
1564	-2.88	-0.18	2.41
1565	-2.89	-0.16	2.17
1566	-3.30	-0.51	1.82
1567	-3.18	-0.31	1.91
1568	-3.29	-0.62	2.57
1569	-3.35	-0.50	2.28
1570	-3.56	-1.21	1.10
1571	-4.48	-1.58	1.06
1572	-4.65	-1.63	0.51
1573	-4.34	-1.85	0.86
1574	-5.01	-1.97	0.45
1575	-4.89	-2.02	0.80
1576	-5.28	-2.36	0.24
1577	-5.36	-2.70	0.15
1578	-5.22	-2.67	-0.30
1579	-5.77	-2.70	0.25
1580	-5.81	-2.77	-0.13
1581	-5.53	-2.40	0.33
1582	-5.17	-2.24	0.87
1583	-5.01	-2.21	0.17
1584	-5.15	-1.98	0.94
1585	-5.01	-2.25	0.45
1586	-5.31	-2.24	0.77
1587	-5.63	-2.30	0.79
1588	-5.51	-2.39	0.87
1589	-5.60	-2.56	0.20
1590	-5.09	-2.27	0.46
1591	-4.91	-2.11	1.32
1592	-5.27	-2.05	0.33
1593	-5.01	-1.92	0.75
1594	-4.89	-1.86	1.20
1595	-5.28	-2.10	0.49
1596	-4.93	-1.88	0.99
1597	-5.12	-1.98	0.97
1598	-4.28	-1.69	1.33
1599	-4.55	-1.48	0.89
1600	-4.65	-1.76	1.22
1601	-3.76	-1.15	2.36
1602	-3.25	-0.77	2.18
1603	-3.93	-0.70	1.96
1604	-2.91	-0.65	2.03
1605	-2.96	-0.23	2.67
1606	-3.07	-0.17	3.01
1607	-2.83	-0.02	2.71
1608	-2.53	0.09	2.76
1609	-2.41	-0.06	2.75
1610	-2.57	-0.24	2.65
1611	-2.81	0.03	2.59
1612	-3.11	0.06	2.43
1613	-3.16	-0.03	2.71
1614	-3.46	-0.66	2.42
1615	-3.33	-0.71	2.96
1616	-4.18	-0.64	1.94
1617	-3.85	-0.81	2.26
1618	-4.16	-0.77	1.93
1619	-4.80	-1.05	1.87
1620	-3.89	-1.10	1.57
1621	-4.27	-1.15	1.86
1622	-4.08	-1.05	1.40
1623	-4.35	-1.18	1.55
1624	-4.31	-1.28	0.83
1625	-4.62	-1.51	1.29
1626	-4.45	-1.49	1.35
1627	-3.84	-1.51	1.05
1628	-4.21	-1.34	1.46
1629	-4.09	-1.14	2.00
1630	-2.95	-0.47	1.92
1631	-2.68	-0.27	2.89
1632	-2.78	-0.12	2.61
1633	-2.53	0.14	2.53
1634	-2.68	0.34	3.19
1635	-2.52	0.11	2.54
1636	-2.86	0.09	3.03
1637	-3.19	-0.33	2.11
1638	-3.07	-0.26	2.76
1639	-3.17	-0.52	2.39
1640	-3.35	-0.58	2.36
1641	-3.87	-0.59	1.93
1642	-3.98	-1.24	0.63
1643	-4.63	-1.72	0.40
1644	-4.75	-2.06	0.64
1645	-4.72	-2.32	0.90
1646	-5.21	-2.16	0.08
1647	-5.48	-2.55	-0.11
1648	-5.65	-2.84	-0.43
1649	-5.82	-2.65	0.22
1650	-5.16	-2.68	-0.23
1651	-5.56	-2.74	-0.26
1652	-5.17	-2.70	0.29
1653	-5.87	-2.79	-0.01
1654	-5.63	-2.74	0.15
1655	-5.81	-3.02	-0.55
1656	-5.70	-3.06	-0.57
1657	-6.05	-3.06	-0.50
1658	-5.94	-2.88	-0.45
1659	-5.43	-2.65	0.03
1660	-5.35	-2.74	0.10
1661	-5.43	-2.79	-0.73
1662	-5.19	-2.73	-0.44
1663	-5.25	-3.03	-0.79
1664	-5.89	-3.08	-0.80
1665	-5.76	-3.07	-0.69
1666	-5.89	-3.01	-0.08
1667	-5.31	-2.85	-0.27
1668	-5.55	-2.62	0.08
1669	-5.08	-2.53	-0.05
1670	-5.15	-2.51	0.05
1671	-5.00	-2.20	-0.28
1672	-4.66	-2.23	0.14
1673	-4.08	-1.67	0.89
1674	-3.88	-1.46	1.29
1675	-3.62	-1.22	1.13
1676	-3.43	-0.76	1.79
1677	-3.21	-0.43	2.35
1678	-2.95	-0.09	2.02
1679	-2.34	-0.03	2.56
1680	-2.16	0.05	2.92
1681	-2.70	0.07	2.76
1682	-2.64	0.00	2.43
1683	-2.44	-0.04	2.47
1684	-2.96	0.11	2.47
1685	-2.49	0.31	2.85
1686	-2.96	0.10	2.51
1687	-2.80	0.16	2.29
1688	-3.53	-0.35	2.60
1689	-3.17	-0.48	1.87
1690	-3.97	-0.84	1.69
1691	-4.12	-1.11	1.55
1692	-4.70	-1.72	1.20
1693	-5.33	-2.28	0.49
1694	-5.68	-2.59	0.25
1695	-6.13	-2.93	-0.07
1696	-5.70	-2.96	-0.11
1697	-5.72	-2.49	-0.07
1698	-5.87	-2.55	-0.23
1699	-4.54	-2.37	0.63
1700	-4.98	-2.19	0.50
1701	-4.55	-2.17	0.04
1702	-4.72	-1.99	0.78
1703	-4.58	-1.93	1.07
1704	-4.49	-1.43	1.12
1705	-3.85	-0.95	1.46
1706	-3.40	-0.82	1.55
1707	-3.40	-1.10	1.81
1708	-3.68	-0.89	1.64
1709	-3.83	-1.12	1.61
1710	-4.51	-1.47	1.32
1711	-4.94	-1.69	0.85
1712	-4.94	-1.92	1.22
1713	-5.34	-1.89	1.08
1714	-5.39	-1.94	1.79
1715	-4.85	-1.76	1.07
1716	-4.87	-1.84	0.78
1717	-4.82	-1.68	1.19
1718	-4.48	-1.75	0.37
1719	-4.92	-2.18	0.92
1720	-4.79	-2.42	0.56
1721	-5.26	-2.52	-0.09
1722	-5.61	-2.73	0.05
1723	-5.55	-2.72	0.04
1724	-5.68	-2.71	0.16
1725	-5.37	-2.52	0.35
1726	-4.87	-2.38	0.21
1727	-5.07	-2.12	0.99
1728	-5.30	-1.61	1.57
1729	-3.96	-0.88	2.11
1730	-2.70	-0.09	2.23
1731	-2.83	-0.06	2.42
1732	-2.94	-0.28	2.61
1733	-2.96	-0.20	3.14
1734	-2.55	-0.15	2.72
1735	-2.81	-0.09	2.56
1736	-2.58	-0.14	2.14
1737	-2.34	-0.42	2.89
1738	-2.65	-0.21	2.59
1739	-2.84	-0.35	2.41
1740	-3.16	-0.41	1.78
1741	-2.94	-0.44	2.08
1742	-3.20	-0.35	2.60
1743	-3.17	-0.35	2.26
1744	-3.38	-0.50	2.34
1745	-3.12	-0.68	1.82
1746	-4.05	-1.02	1.78
1747	-4.24	-1.34	1.77
1748	-4.88	-1.33	1.12
1749	-4.27	-1.32	1.38
1750	-4.03	-1.42	1.25
1751	-4.23	-1.59	1.49
1752	-4.68	-1.30	1.26
1753	-4.18	-1.37	1.11
1754	-4.10	-1.45	1.35
1755	-4.57	-1.55	0.96
1756	-3.92	-1.18	1.55
1757	-3.99	-1.41	1.47
1758	-4.61	-1.63	1.02
1759	-4.10	-1.43	1.42
1760	-4.23	-1.37	1.54
1761	-3.95	-1.10	1.57
1762	-3.77	-0.53	2.37
1763	-2.75	0.22	2.92
1764	-2.11	0.39	3.08
1765	-1.50	0.68	2.99
1766	-2.34	0.39	3.38
1767	-1.46	0.56	3.21
1768	-2.14	0.64	3.61
1769	-1.94	0.46	3.27
1770	-1.85	0.91	3.62
1771	-1.40	1.03	4.65
1772	-1.92	1.23	4.11
1773	-1.32	1.63	4.81
1774	-0.71	1.85	4.14
1775	-0.66	1.95	4.61
1776	-1.23	1.72	4.55
1777	-0.76	1.53	4.37
1778	-1.06	1.36	3.85
1779	-1.63	1.24	4.08
1780	-2.19	0.64	3.56
1781	-1.95	0.55	3.01
1782	-3.32	-0.57	1.95
1783	-3.67	-0.63	2.04
1784	-3.45	-0.61	1.81
1785	-4.10	-0.86	1.31
1786	-3.81	-1.17	1.86
1787	-3.75	-1.26	1.38
1788	-3.33	-1.12	1.88
1789	-3.89	-1.06	1.62
1790	-4.00	-1.00	1.81
1791	-3.80	-1.15	1.29
1792	-4.21	-1.00	1.82
1793	-3.93	-1.23	1.62
1794	-4.22	-0.98	1.34
1795	-3.51	-1.12	1.78
1796	-3.37	-0.96	1.48
1797	-3.42	-1.13	1.40
1798	-3.42	-0.84	1.63
1799	-3.28	-0.74	1.33
1800	-3.43	-0.77	1.54
1801	-2.94	-0.66	1.68
1802	-3.43	-0.47	1.91
1803	-2.82	-0.17	2.80
1804	-2.91	-0.01	2.94
1805	-2.22	0.51	2.85
1806	-2.33	0.52	3.08
1807	-2.98	0.49	3.50
1808	-3.06	-0.20	2.79
1809	-3.44	-0.18	3.37
1810	-2.69	0.00	2.65
1811	-2.92	-0.06	2.77
1812	-2.90	-0.42	2.73
1813	-2.99	-0.39	2.21
1814	-2.80	-0.52	2.22
1815	-3.09	-0.46	2.28
1816	-2.84	-0.03	2.85
1817	-2.70	-0.06	2.13
1818	-2.78	0.06	3.06
1819	-2.23	0.09	3.25
1820	-1.99	0.26	2.97
1821	-1.85	0.17	2.85
1822	-2.06	0.20	2.96
1823	-1.78	0.53	3.31
1824	-2.04	0.71	3.20
1825	-1.77	0.58	2.97
1826	-1.91	0.34	2.94
1827	-2.28	0.33	3.08
1828	-1.92	0.61	2.98
1829	-2.14	0.50	2.49
1830	-2.77	0.32	3.14
1831	-2.35	-0.04	2.37
1832	-2.73	-0.14	2.49
1833	-2.88	-0.23	2.54
1834	-2.91	-0.09	3.07
1835	-2.76	-0.15	2.53
1836	-2.59	-0.04	3.40
1837	-2.71	0.33	3.01
1838	-2.79	0.14	3.74
1839	-2.77	0.46	3.01
1840	-2.11	0.74	3.40
1841	-2.06	0.68	3.50
1842	-1.95	0.51	3.34
1843	-2.10	0.79	4.04
1844	-1.42	0.76	3.08
1845	-1.55	1.10	3.92
1846	-1.15	1.05	3.07
1847	-0.96	0.94	3.61
1848	-1.63	0.96	3.49
1849	-1.54	0.93	4.21
1850	-1.45	1.13	3.56
1851	-1.81	0.91	3.72
1852	-3.05	-0.12	3.39
1853	-4.17	-1.00	1.80
1854	-3.46	-0.81	2.17
1855	-3.70	-0.52	1.62
1856	-3.48	-0.88	1.63
1857	-3.20	-0.46	2.32
1858	-3.33	-0.92	1.70
1859	-3.58	-1.02	1.79
1860	-3.58	-0.92	1.61
1861	-4.10	-0.98	2.18
1862	-4.15	-0.86	2.04
1863	-3.28	-0.64	2.10
1864	-4.00	-1.04	2.12
1865	-4.19	-0.73	2.28
1866	-3.83	-0.16	2.51
1867	-4.09	-0.36	2.35
1868	-3.38	-0.62	2.46
1869	-2.98	-0.51	2.53
1870	-2.81	-0.14	2.63
1871	-3.14	0.18	3.11
1872	-2.28	-0.09	2.47
1873	-2.97	-0.11	3.20
1874	-2.55	0.07	2.59
1875	-2.51	-0.24	2.34
1876	-2.62	-0.09	2.42
1877	-3.02	-0.17	2.58
1878	-2.61	-0.03	2.59
1879	-2.56	-0.01	3.21
1880	-2.34	0.61	3.60
1881	-2.92	0.57	3.51
1882	-2.88	0.67	3.68
1883	-2.51	0.67	3.63
1884	-2.32	0.72	3.64
1885	-2.07	0.65	3.44
1886	-1.87	0.62	3.66
1887	-2.01	1.13	3.61
1888	-1.66	0.75	3.42
1889	-1.84	0.77	3.18
1890	-0.97	0.92	3.64
1891	-1.50	1.00	3.66
1892	-1.32	1.04	3.32
1893	-1.28	0.95	3.21
1894	-1.25	0.79	2.99
1895	-1.52	0.65	3.87
1896	-2.22	0.28	3.15
1897	-2.69	-0.22	3.09
1898	-3.29	-0.71	2.04
1899	-3.58	-0.79	1.08
1900	-4.30	-1.44	1.27
1901	-4.26	-1.29	1.10
1902	-4.50	-1.37	1.19
1903	-3.66	-1.44	1.12
1904	-3.80	-1.12	1.27
1905	-3.81	-1.23	1.63
1906	-3.87	-1.04	1.25
1907	-3.72	-0.49	2.03
1908	-3.37	-0.39	2.36
1909	-3.18	-0.22	2.70
1910	-3.23	0.43	3.03
1911	-2.55	0.37	3.68
1912	-3.41	0.30	3.08
1913	-3.05	0.11	3.32
1914	-3.38	0.05	3.07
1915	-3.02	0.13	2.58
1916	-3.04	0.09	2.22
1917	-3.37	0.14	2.69
1918	-2.17	0.04	2.44
1919	-2.59	0.17	2.81
1920	-1.91	0.37	2.54
1921	-1.93	0.69	3.24
1922	-2.05	0.73	3.42
1923	-1.58	1.13	3.81
1924	-1.12	1.51	3.93
1925	-2.16	1.26	3.98
1926	-1.82	1.36	4.02
1927	-1.87	1.12	4.08
1928	-1.53	1.17	4.13
1929	-1.89	1.24	4.66
1930	-1.35	1.52	4.45
1931	-1.19	1.76	4.71
1932	-1.10	1.43	4.44
1933	-1.17	1.55	4.17
1934	-1.42	1.14	4.03
1935	-2.36	0.51	3.57
1936	-2.87	0.49	3.21
1937	-2.13	0.45	2.83
1938	-2.47	0.07	2.98
1939	-2.48	0.26	2.81
1940	-2.56	0.43	3.15
1941	-2.88	0.44	3.55
1942	-3.09	0.18	3.19
1943	-2.93	-0.05	2.55
1944	-3.54	-0.27	2.57
1945	-4.43	-0.48	2.76
1946	-4.52	-0.71	2.79
1947	-4.81	-0.59	3.49
1948	-5.58	-0.83	2.79
1949	-6.05	-0.82	3.09
1950	-5.37	-1.19	3.08
1951	-6.64	-0.73	3.86
1952	-4.80	-0.33	3.69
1953	-4.32	-0.40	3.13
1954	-4.70	-0.41	3.27
1955	-3.47	-0.06	3.22
1956	-3.51	-0.30	3.02
1957	-3.08	-0.08	2.45
1958	-2.39	0.39	3.44
1959	-2.05	0.36	3.19
1960	-2.27	0.59	3.34
1961	-1.95	0.42	2.63
1962	-1.56	0.73	3.55
1963	-2.09	0.50	3.33
1964	-2.25	0.67	3.66
1965	-1.32	0.92	3.86
1966	-1.80	0.92	3.53
1967	-2.29	0.88	4.02
1968	-1.56	1.11	3.70
1969	-1.87	0.99	3.88
1970	-1.82	0.82	3.78
1971	-1.60	0.92	4.15
1972	-1.61	1.09	4.50
1973	-1.93	1.63	4.04
1974	-0.64	1.93	4.69
1975	-0.87	1.98	4.56
1976	-0.48	1.91	4.63
1977	-0.58	2.10	4.66
1978	-0.69	1.82	4.47
1979	-1.16	1.59	4.41
1980	-0.72	1.76	4.04
1981	-0.59	1.69	4.47
1982	-0.78	1.59	3.79
1983	-1.06	1.72	4.63
1984	-0.52	1.63	4.53
1985	-0.79	1.35	3.87
1986	-1.31	1.26	4.06
1987	-1.20	1.18	3.87
1988	-1.50	1.44	3.61
1989	-1.39	1.48	4.24
1990	-1.18	1.41	3.88
1991	-1.38	1.35	4.40
1992	-1.01	1.52	4.42
1993	-1.54	1.28	4.19
1994	-1.53	1.13	4.46
1995	-1.38	1.11	3.56
1996	-2.46	0.78	3.79
1997	-1.19	1.18	3.68
1998	-2.22	0.81	3.46
1999	-1.74	0.81	4.33
2000	-2.07	0.72	2.99
